00010001
00011000
00000000
00000000
00000000
00000000
00000000
00000000
00000000
00000000
00000000
62000050
00000000
00000000
00000000
00000000
00000000
00000000
00000000
00000000
00000258
00000C80
00001E00
002701C8
00000000
00000000
00000000
00000000
00000000
00000000
00000000
00000000
00000000
00000000
00000000
00000000
00000000
00000000
00000000
00000000
00000000
00000000
00000000
00000000
00000000
00000000
00000000
00000000
00000000
00000000
00000000
00000000
00000000
00000000
00000000
00000000
00000000
00000000
00000000